2764
35857
20474
18953
6910
28254
-1
33881
34767
7112
16312
4961
7112
-1
16312
34767
-1
14127
16312
34767
31856
9652
13007
21059
20474
6354
0
21059
1
30909
18899
20474
18953
24930
0
16891
-1
33881
12061
34767
14127
27981
14127
4961
31856
3177
34767
-1
9652
13007
21059
20474
6354
27640
1
30909
18899
13007
6354
19109
-1
33881
9922
9652
6910
30711
6910
0
33881
33782
20474
11056
6354
18953
22112
20474
33881
33782
10668
10415
33881
4961
-1
7112
-1
33881
7112
33782
18427
9652
13007
21059
20474
6354
30711
20474
35857
22112
18953
13007
30909
18899
13007
6354
19109
-1
33881
9922
9652
6910
30711
6910
0
33881
33782
20474
11056
6354
18953
22112
20474
33881
33782
10668
10415
33881
4961
-1
7112
-1
33881
7112
33782
18427
9652
13007
21059
20474
6354
28254
18953
6354
22112
20474
35857
35857
6354
18953
-1
33881
9922
9652
6910
30711
6910
0
33881
33782
20474
11056
6354
18953
22112
20474
33881
33782
10668
10415
33881
4961
-1
7112
-1
33881
7112
33782
18427
9652
13007
21059
20474
6354
0
21059
1
30909
18899
20474
18953
24930
0
16891
-1
33881
12061
34767
14127
27981
14127
4961
31856
3177
34767
-1
9652
13007
21059
20474
6354
27640
1
30909
18899
13007
6354
19109
-1
33881
9922
9652
6910
30711
6910
0
33881
33782
20474
11056
6354
18953
22112
20474
33881
24930
10668
10415
33881
27981
-1
7112
-1
33881
10668
13007
9652
13007
21059
20474
6354
30711
20474
35857
22112
18953
13007
30909
18899
13007
6354
19109
-1
33881
9922
9652
6910
30711
6910
0
33881
33782
20474
11056
6354
18953
22112
20474
33881
24930
10668
10415
33881
27981
-1
7112
-1
33881
10668
13007
9652
13007
21059
20474
6354
28254
18953
6354
22112
20474
35857
35857
6354
18953
-1
33881
9922
9652
6910
30711
6910
0
33881
33782
20474
11056
6354
18953
22112
20474
33881
24930
10668
10415
33881
27981
-1
7112
-1
33881
10668
13007
2764
35857
20474
18953
9922
1
11793
20474
-1
33881
19844
17998
6354
16620
21059
14478
30909
20474
18953
1
18899
13007
19109
19844
23545
29332
35857
18899
20474
11793
18427
6292
13007
20830
21059
9922
6292
11793
24569
20474
18953
-1
33881
4961
14127
-1
12061
34767
14478
30909
20474
18953
1
18899
13007
19109
19844
23545
29332
35857
18899
20474
11793
27640
1
30909
18899
13007
6354
19109
-1
33881
-1
-1
-1
-1
-1
-1
-1
-1
-1
-1
33881
5863
13007
19109
21059
6354
18836
35857
33881
4961
-1
33881
-1
-1
-1
-1
-1
-1
-1
-1
14478
30909
20474
18953
1
18899
13007
19109
19844
23545
29332
35857
18899
20474
11793
9922
1
11793
20474
-1
33881
-1
-1
-1
-1
-1
-1
-1
-1
-1
-1
33881
5863
13007
19109
21059
6354
18836
35857
33881
4961
-1
33881
-1
-1
-1
-1
-1
-1
-1
-1
-1
27640
-1
-1
5863
13007
19109
21059
6354
18836
35857
-1
-1
30711
20474
17998
13007
22112
20474
-1
28956
1
18953
21059
21059
13007
35857
19304
-1
-1
28254
1
18953
18899
13007
18899
13007
6354
19109
27981
14478
30909
20474
18953
1
18899
13007
19109
19844
23545
29332
35857
18899
20474
11793
24930
20474
19844
13007
35857
18899
20474
18953
20474
21059
2764
35857
20474
18953
-1
33881
19844
17998
6354
16620
21059
19304
6354
14127
-1
-1
11793
1
13007
20830
16312
18953
6292
14478
30909
20474
18953
1
18899
13007
19109
19844
23545
29332
35857
18899
20474
11793
23545
20474
18953
13007
1
20830
9922
6292
11793
24569
20474
18953
-1
33881
-1
-1
27981
34767
7112
-1
27981
-1
-1
-1
-1
-1
-1
-1
-1
-1
4961
-1
0
0
-1
7112
7239
28254
18953
6354
22112
20474
35857
35857
6354
18953
9922
1
11793
20474
-1
33881
0
16891
30711
33881
24930
29332
16620
20474
19109
33881
7239
33881
34767
7112
-1
-1
10415
33881
23545
13007
21955
-1
27640
6354
18953
20474
33881
28254
18953
6354
22112
20474
35857
35857
6354
18953
33881
33881
33881
33881
33881
33881
33881
33881
33881
33881
33881
28254
18953
6354
22112
20474
35857
35857
6354
18953
9922
6292
11793
24569
20474
18953
14478
23452
27640
6354
18953
20474
35857
-1
33881
7112
28254
18953
6354
22112
20474
35857
35857
6354
18953
28254
18953
6354
22112
20474
35857
35857
6354
18953
6910
21059
-1
33881
4961
3177
31856
18427
11056
18427
11056
11056
-1
-1
31856
-1
-1
11056
31856
34767
9652
6354
20830
6292
11793
20474
27640
1
30909
1
22112
13007
18899
29332
-1
33881
34767
27981
14127
27981
14127
3177
27981
12061
27981
34767
27981
34767
9652
6354
20830
6292
11793
20474
27640
1
30909
18899
13007
6354
19109
-1
33881
27640
-1
-1
9652
6354
20830
6292
11793
20474
30711
18953
13007
17998
20474
11726
20474
18899
18899
20474
18953
-1
33881
27640
-1
9652
6354
20830
6292
11793
20474
30711
18953
13007
17998
20474
10668
29332
30909
20474
-1
33881
27981
9652
6354
20830
6292
11793
20474
11056
13007
20830
20474
23545
29332
35857
18899
20474
11793
-1
33881
9922
10668
11056
23545
9652
6354
20830
6292
11793
20474
11056
18953
20474
20474
23545
30909
1
22112
20474
-1
33881
4961
-1
7112
-1
7112
4961
7239
12061
7239
12061
3177
34767
9652
6354
20830
6292
11793
20474
27640
1
30909
1
22112
13007
18899
29332
-1
33881
7239
27981
12061
3177
7112
14127
7112
7112
12061
9652
6354
20830
6292
11793
20474
27640
1
30909
18899
13007
6354
19109
-1
33881
-1
-1
-1
-1
9652
6354
20830
6292
11793
20474
-1
12061
23452
4961
7112
31856
4961
14127
3177
-1
20474
34767
7112
-1
-1
12061
4961
7112
1
-1
14127
4961
12061
-1
-1
24569
31856
1
4961
7112
23452
-1
-1
7112
14127
14127
14127
-1
-1
9652
6354
20830
6292
11793
20474
30711
18953
13007
17998
20474
11726
20474
18899
18899
20474
18953
-1
33881
9652
6354
20830
6292
11793
20474
30711
18953
13007
17998
20474
10668
29332
30909
20474
-1
33881
27981
9652
6354
20830
6292
11793
20474
11056
13007
20830
20474
23545
29332
35857
18899
20474
11793
-1
33881
9922
10668
11056
23545
9652
6354
20830
6292
11793
20474
11056
18953
20474
20474
23545
30909
1
22112
20474
-1
33881
31856
7112
7112
-1
7239
31856
34767
12061
9652
6354
20830
6292
11793
20474
27640
1
30909
1
22112
13007
18899
29332
-1
33881
4961
-1
34767
12061
4961
14127
4961
27981
7112
4961
-1
34767
12061
9652
6354
20830
6292
11793
20474
27640
1
30909
18899
13007
6354
19109
-1
33881
5528
-1
-1
9652
6354
20830
6292
11793
20474
30711
18953
13007
17998
20474
11726
20474
18899
18899
20474
18953
-1
33881
5528
-1
9652
6354
20830
6292
11793
20474
30711
18953
13007
17998
20474
10668
29332
30909
20474
-1
33881
27981
9652
6354
20830
6292
11793
20474
11056
13007
20830
20474
23545
29332
35857
18899
20474
11793
-1
33881
9922
10668
11056
23545
9652
6354
20830
6292
11793
20474
11056
18953
20474
20474
23545
30909
1
22112
20474
-1
33881
3177
7239
34767
-1
31856
14127
34767
31856
12061
7112
-1
31856
9652
6354
20830
6292
11793
20474
27640
1
30909
1
22112
13007
18899
29332
-1
33881
4961
-1
-1
-1
34767
-1
27981
-1
31856
3177
31856
3177
34767
9652
6354
20830
6292
11793
20474
27640
1
30909
18899
13007
6354
19109
-1
33881
30711
-1
-1
9652
6354
20830
6292
11793
20474
30711
18953
13007
17998
20474
11726
20474
18899
18899
20474
18953
-1
33881
30711
-1
9652
6354
20830
6292
11793
20474
30711
18953
13007
17998
20474
10668
29332
30909
20474
-1
33881
27981
9652
6354
20830
6292
11793
20474
11056
13007
20830
20474
23545
29332
35857
18899
20474
11793
-1
33881
9922
10668
11056
23545
9652
6354
20830
6292
11793
20474
11056
18953
20474
20474
23545
30909
1
22112
20474
-1
33881
7239
14127
31856
3177
27981
34767
3177
-1
4961
7112
14127
7112
9652
6354
20830
6292
11793
20474
27640
1
30909
1
22112
13007
18899
29332
-1
33881
7239
-1
-1
-1
3177
3177
-1
-1
31856
31856
14127
7112
-1
9652
6354
20830
6292
11793
20474
27640
1
30909
18899
13007
6354
19109
-1
33881
24323
-1
-1
9652
6354
20830
6292
11793
20474
30711
18953
13007
17998
20474
11726
20474
18899
18899
20474
18953
-1
33881
24323
-1
9652
6354
20830
6292
11793
20474
30711
18953
13007
17998
20474
10668
29332
30909
20474
-1
33881
27981
9652
6354
20830
6292
11793
20474
11056
13007
20830
20474
23545
29332
35857
18899
20474
11793
-1
33881
9922
10668
11056
23545
9652
6354
20830
6292
11793
20474
11056
18953
20474
20474
23545
30909
1
22112
20474
-1
33881
12061
14127
14127
12061
14127
12061
34767
-1
14127
14127
12061
7239
7112
9652
6354
20830
6292
11793
20474
27640
1
30909
1
22112
13007
18899
29332
-1
33881
7239
-1
-1
-1
3177
3177
-1
-1
31856
31856
14127
7112
-1
9652
6354
20830
6292
11793
20474
27640
1
30909
18899
13007
6354
19109
-1
33881
13820
-1
-1
9652
6354
20830
6292
11793
20474
30711
18953
13007
17998
20474
11726
20474
18899
18899
20474
18953
-1
33881
13820
-1
9652
6354
20830
6292
11793
20474
30711
18953
13007
17998
20474
10668
29332
30909
20474
-1
33881
27981
9652
6354
20830
6292
11793
20474
11056
13007
20830
20474
23545
29332
35857
18899
20474
11793
-1
33881
9922
10668
11056
23545
9652
6354
20830
6292
11793
20474
11056
18953
20474
20474
23545
30909
1
22112
20474
-1
33881
3177
7239
-1
7239
4961
31856
31856
14127
-1
12061
14127
7112
9652
6354
20830
6292
11793
20474
27640
1
30909
1
22112
13007
18899
29332
-1
33881
7239
-1
-1
-1
3177
3177
-1
-1
31856
31856
14127
7112
-1
9652
6354
20830
6292
11793
20474
27640
1
30909
18899
13007
6354
19109
-1
33881
11056
-1
-1
9652
6354
20830
6292
11793
20474
30711
18953
13007
17998
20474
11726
20474
18899
18899
20474
18953
-1
33881
11056
-1
9652
6354
20830
6292
11793
20474
30711
18953
13007
17998
20474
10668
29332
30909
20474
-1
33881
27981
9652
6354
20830
6292
11793
20474
11056
13007
20830
20474
23545
29332
35857
18899
20474
11793
-1
33881
9922
10668
11056
23545
9652
6354
20830
6292
11793
20474
11056
18953
20474
20474
23545
30909
1
22112
20474
-1
33881
12061
14127
14127
12061
14127
12061
34767
-1
14127
14127
12061
7239
7112
9652
6354
20830
6292
11793
20474
27640
1
30909
1
22112
13007
18899
29332
-1
33881
4961
-1
-1
7112
7112
27981
34767
14127
7112
9652
6354
20830
6292
11793
20474
27640
1
30909
18899
13007
6354
19109
-1
33881
-1
-1
-1
-1
9652
6354
20830
6292
11793
20474
-1
21059
4961
24569
7239
21059
7239
-1
23452
-1
7239
24569
23452
1
-1
12061
23452
12061
22112
-1
31856
21059
24569
22112
-1
1
31856
14127
20474
22112
3177
20474
27981
31856
23452
34767
1
-1
-1
9652
6354
20830
6292
11793
20474
30711
18953
13007
17998
20474
11726
20474
18899
18899
20474
18953
-1
33881
9652
6354
20830
6292
11793
20474
30711
18953
13007
17998
20474
10668
29332
30909
20474
-1
33881
27981
9652
6354
20830
6292
11793
20474
11056
13007
20830
20474
23545
29332
35857
18899
20474
11793
-1
33881
11056
0
10668
27981
34767
9652
6354
20830
6292
11793
20474
11056
18953
20474
20474
23545
30909
1
22112
20474
-1
33881
3177
34767
14127
27981
12061
12061
-1
-1
9652
6354
20830
6292
11793
20474
27640
1
30909
1
22112
13007
18899
29332
-1
33881
34767
-1
7112
12061
3177
34767
4961
14127
34767
9652
6354
20830
6292
11793
20474
27640
1
30909
18899
13007
6354
19109
-1
33881
-1
-1
-1
-1
9652
6354
20830
6292
11793
20474
-1
14127
3177
22112
34767
34767
4961
21059
20474
-1
3177
3177
34767
7112
-1
12061
27981
31856
12061
-1
1
14127
-1
23452
-1
21059
34767
12061
20474
7112
1
23452
34767
24569
12061
1
27981
-1
-1
9652
6354
20830
6292
11793
20474
30711
18953
13007
17998
20474
11726
20474
18899
18899
20474
18953
-1
33881
9652
6354
20830
6292
11793
20474
30711
18953
13007
17998
20474
10668
29332
30909
20474
-1
33881
27981
9652
6354
20830
6292
11793
20474
11056
13007
20830
20474
23545
29332
35857
18899
20474
11793
-1
33881
11056
0
10668
27981
34767
9652
6354
20830
6292
11793
20474
11056
18953
20474
20474
23545
30909
1
22112
20474
-1
33881
34767
-1
7112
12061
3177
4961
7112
31856
-1
9652
6354
20830
6292
11793
20474
27640
1
30909
1
22112
13007
18899
29332
-1
33881
34767
-1
7112
12061
3177
34767
4961
14127
34767
9652
6354
20830
6292
11793
20474
27640
1
30909
18899
13007
6354
19109
-1
33881
-1
-1
-1
-1
9652
6354
20830
6292
11793
20474
-1
4961
27981
4961
7239
12061
12061
31856
1
-1
24569
22112
22112
22112
-1
12061
24569
23452
23452
-1
14127
20474
31856
14127
-1
1
7239
4961
7239
12061
31856
23452
3177
23452
27981
7239
20474
-1
-1
9652
6354
20830
6292
11793
20474
30711
18953
13007
17998
20474
11726
20474
18899
18899
20474
18953
-1
33881
9652
6354
20830
6292
11793
20474
30711
18953
13007
17998
20474
10668
29332
30909
20474
-1
33881
27981
9652
6354
20830
6292
11793
20474
11056
13007
20830
20474
23545
29332
35857
18899
20474
11793
-1
33881
11056
0
10668
27981
34767
9652
6354
20830
6292
11793
20474
11056
18953
20474
20474
23545
30909
1
22112
20474
-1
33881
34767
-1
7112
12061
3177
4961
7112
31856
-1
9652
6354
20830
6292
11793
20474
27640
1
30909
1
22112
13007
18899
29332
-1
33881
34767
-1
7112
12061
3177
34767
4961
14127
34767
9652
6354
20830
6292
11793
20474
27640
1
30909
18899
13007
6354
19109
-1
33881
-1
-1
-1
-1
9652
6354
20830
6292
11793
20474
-1
7112
1
4961
3177
20474
12061
4961
3177
-1
24569
27981
-1
20474
-1
12061
34767
21059
22112
-1
24569
14127
20474
22112
-1
7239
7112
14127
24569
20474
3177
1
12061
22112
1
24569
31856
-1
-1
9652
6354
20830
6292
11793
20474
30711
18953
13007
17998
20474
11726
20474
18899
18899
20474
18953
-1
33881
9652
6354
20830
6292
11793
20474
30711
18953
13007
17998
20474
10668
29332
30909
20474
-1
33881
27981
9652
6354
20830
6292
11793
20474
11056
13007
20830
20474
23545
29332
35857
18899
20474
11793
-1
33881
11056
0
10668
27981
34767
9652
6354
20830
6292
11793
20474
11056
18953
20474
20474
23545
30909
1
22112
20474
-1
33881
34767
-1
7112
12061
3177
4961
7112
31856
-1
